2.9134219837435396 2.5926222872348834 44.581503193716117 1.8220509224789507
1.7799873552209382 0.93347638419711476 209.63564114476975 1.8220509224789507
2.3519520643632372 0.96971975714183145 58.88822933782285 1.8220509224789507
0.97042192412460526 1.6452674043412161 142.73441512962995 1.8220509224789507
1.0690578604621122 2.5649986763789094 168.48831774987548 1.8220509224789507
0.91260536890722754 2.0586974156489246 177.38934587831426 1.8220509224789507
1.5026443718139539 1.031234703038816 159.87936905665174 1.8220509224789507
1.2787228066377043 1.1842700720986077 83.561191328766427 1.8220509224789507
1.4721742946466954 2.9525051629008177 184.66909919137629 1.8220509224789507
1.3726122900082967 1.1106195746434029 8.0526538215992218 1.8220509224789507
0.96867783993005219 1.6507418105450604 131.38798741716244 1.8220509224789507
3.0830280075792071 1.8903555065829831 63.172490817796643 1.8220509224789507
1.1552056156740473 1.3129088731121286 45.953487523470471 1.8220509224789507
2.6327258959765807 2.886003815721212 6.1076401404219496 1.8220509224789507
3.051855632241967 1.7180845658558992 191.20658763431959 1.8220509224789507
2.9411994040930081 1.4522623191369446 174.30803486177774 1.8220509224789507
0.91890321141661957 2.1308011144673928 235.82423119436061 1.8220509224789507
0.9593999692436963 2.3209817219332152 210.48494652050732 1.8220509224789507
3.0709248475626563 1.8025311873884835 247.34296334926501 1.8220509224789507
2.6708761193733164 1.1425880496430683 89.497068420149958 1.8220509224789507
2.3774105827600973 0.97851477341201409 177.30327725344853 1.8220509224789507
1.1488197278098937 1.3208178043364125 86.585402159335558 1.8220509224789507
1.2165858140746781 1.2439992111641853 28.475470963985231 1.8220509224789507
1.750376578693448 3.0599379170328174 54.606632283399449 1.8220509224789507
1.6579783054546109 0.96616745203979271 109.71508713628907 1.8220509224789507
1.1004354091806086 2.6132924163744491 129.84616491392262 1.8220509224789507
2.9203575203173244 1.4179232216229511 162.66858388228184 1.8220509224789507
2.763918575678785 1.2241376306819838 99.521789383949113 1.8220509224789507
3.0684191819254725 1.7893821539277077 243.46316820797983 1.8220509224789507
1.7079386001993235 0.95091528295023142 219.21448229222847 1.8220509224789507
2.8625193467852039 1.3352222283285418 164.4878377548909 1.8220509224789507
2.5564104453188747 2.9360995978529747 171.39820094242725 1.8220509224789507
2.9596475864039284 1.4867288318432461 14.974854911118882 1.8220509224789507
1.4833494939413931 1.0415365352685555 14.003636594481918 1.8220509224789507
2.9072843261470336 1.3980760938439118 16.795024994556798 1.8220509224789507
3.0217599554412313 2.3766592440010266 138.36703339512758 1.8220509224789507
2.5518583947103064 2.9384946936396314 67.456424200155311 1.8220509224789507
2.9121056396131699 1.4055358362010146 102.26348981490275 1.8220509224789507
2.6677091864479792 2.8600860979110578 70.454203373004134 1.8220509224789507
1.4121015838446631 1.0833499412207068 178.84504707760391 1.8220509224789507
0.91601292826712122 2.1041644411103668 243.58381049718639 1.8220509224789507
2.2657108638718135 3.0560657720354616 196.05634312992697 1.8220509224789507
2.2134495496842597 3.0678565870733063 211.57553849233926 1.8220509224789507
0.95790656717685252 2.3149061000682654 79.277370309997082 1.8220509224789507
1.0743349604578576 1.4265550338572268 92.530138657092493 1.8220509224789507
1.1869265023482782 2.7242659693061189 132.84403376636419 1.8220509224789507
2.6601970515932525 1.1340457160263249 93.37912871690844 1.8220509224789507
3.0657473265474753 1.7762550713819838 239.5833799764315 1.8220509224789507
1.2111079376048846 1.2495808429629403 77.820924540627288 1.8220509224789507
2.6700092106514699 1.1655930848741427 85.592821883803367 1.8220509224789507
2.1341253056868608 3.0806893665217778 234.85428408649955 1.8220509224789507
0.96953792409803619 2.3513261288942431 38.671085283753428 1.8220509224789507
3.0510315071189957 1.7156035777729226 48.78122505322915 1.8220509224789507
1.1174456206549852 2.637937980826786 174.18746922725558 1.8220509224789507
2.6100964884051798 2.9016418483519288 13.881270894223462 1.8220509224789507
1.1276186461935058 2.6517197173777287 115.36957335833279 1.8220509224789507
2.6303214010728837 2.8878883017932608 61.716220615385623 1.8220509224789507
2.2265695124543239 3.0651500601892199 207.69574185268414 1.8220509224789507
3.051611988963268 2.2820467757251599 121.27945586401506 1.8220509224789507
0.94989819992660429 2.2883811475110409 189.26668485828316 1.8220509224789507
3.0629143617375973 1.7631618962510203 235.70359179116008 1.8220509224789507
1.8142964297437301 0.92697392767733167 150.05186761945527 1.8220509224789507
3.0776378481489459 1.8443239706501924 71.910511265216314 1.8220509224789507
3.0519486013995429 2.2813043797087058 98.065789547046847 1.8220509224789507
2.9438914070943536 1.4575163478744191 7.1965329183616973 1.8220509224789507
2.8282404376991455 1.2931242947304273 128.47546365726885 1.8220509224789507
3.0552436751242578 1.7310433011880093 195.08639251905231 1.8220509224789507
3.0055547319072051 1.5823475841034238 28.560670083074115 1.8220509224789507
2.0896944017744161 3.0851905347556379 108.08863455793153 1.8220509224789507
1.1415900550432587 2.670074740038058 162.54791323994277 1.8220509224789507
1.1311386989713519 2.6551557238661854 24.458269192133571 1.8220509224789507
1.5387566278793834 2.9863040235135863 83.475762432838224 1.8220509224789507
2.4393186920623506 1.0038889165612428 64.628553438489121 1.8220509224789507
1.036177585800937 2.5067516400690728 16.918355989513202 1.8220509224789507
1.3890001666360572 1.0990866952233169 57.346535291987834 1.8220509224789507
0.92177924755256146 2.1526888843420711 183.12607331122439 1.8220509224789507
2.0412951988993111 0.91184832431511964 47.494880294066661 1.8220509224789507
1.6248971478998087 3.0220661539174856 77.735941840751025 1.8220509224789507
2.3749218929183185 3.0224039521558339 193.99579339969171 1.8220509224789507
0.94487157236726471 2.2694121833554037 226.00411642412018 1.8220509224789507
1.3493347427995737 2.8710242244890765 0.91125074282183505 1.8220509224789507
1.8868124570884603 0.91723876169060858 112.45690720337677 1.8220509224789507
2.3192504090946926 3.0407032222679131 128.56087561119341 1.8220509224789507
1.023411613986605 2.4807827261266091 41.66840614510545 1.8220509224789507
1.4566700434010098 2.9436630045848577 65.999981236170242 1.8220509224789507
0.91154515075282738 2.031756748834729 55.855687050212964 1.8220509224789507
1.8062878739424981 0.92838707322254788 217.39522774915969 1.8220509224789507
2.1363035144178575 3.0801615153466209 116.82577733737173 1.8220509224789507
2.62779398372854 1.1101988496856983 183.29821610099759 1.8220509224789507
0.93856226945982257 2.2433710204964292 233.76369787086611 1.8220509224789507
0.97195181217479121 2.3591566088424027 198.84554944536626 1.8220509224789507
3.0884140283564587 1.9649758008120672 181.75644781214964 1.8220509224789507
0.98450106878440025 1.6070578139845075 99.436374148401342 1.8220509224789507
2.4822045254721505 1.0239015113566392 79.107131014688321 1.8220509224789507
2.0853213343708781 3.0856271725794819 142.64840288013011 1.8220509224789507
2.800407545771332 1.2616124353373923 148.5567202436232 1.8220509224789507
2.1474095367115806 3.0789574679485225 230.97449478724559 1.8220509224789507
2.2696411827453193 0.94507157494105698 27.01866404208829 1.8220509224789507
3.0236446213769153 2.3712294489775498 127.01949650961183 1.8220509224789507
1.3894402194094937 1.0983626008849914 80.563420646054965 1.8220509224789507
1.2886275308423656 2.8245116905344245 249.08897694165825 1.8220509224789507
3.0802718336165835 1.8625515588447357 233.88433720107923 1.8220509224789507
2.7380452954889858 1.2011108037080778 5.4037029468855167 1.8220509224789507
1.7019388072730637 0.95260800726237171 186.35682945617623 1.8220509224789507
2.1208211913083659 3.0822575504561991 238.73407240335314 1.8220509224789507
3.0534514889369415 1.7241034632271859 224.06422115629732 1.8220509224789507
2.8579504616399269 1.3294541941780302 119.73829515941327 1.8220509224789507
1.933315451966406 0.91317288851911904 103.71990566942975 1.8220509224789507
2.7324748087940751 2.8055052413768546 38.586203736377911 1.8220509224789507
1.8425552765212583 3.0773725045152016 48.866241282154192 1.8220509224789507
2.3527864025316187 0.96981904023768983 82.104850115064551 1.8220509224789507
1.7055776150398323 3.0480429186569165 45.868264633042713 1.8220509224789507
1.9958586301099874 3.0888405324365085 113.82808781796325 1.8220509224789507
1.4493442372722276 1.0605031115003225 173.33811233424149 1.8220509224789507
2.9702913066328005 1.5056292385584262 160.84933178385268 1.8220509224789507
2.3623163461365344 3.0269387604578206 197.87559773479268 1.8220509224789507
1.7860970328079411 0.9322339131557289 242.49322148231806 1.8220509224789507
3.0499779392310113 1.7111661748644735 220.18443020899497 1.8220509224789507
0.91446353324400143 2.0856841913522715 82.019529305188598 1.8220509224789507
1.2488804181959043 2.7884701343881773 138.45212506266489 1.8220509224789507
3.0463455561542743 1.6982726213720536 216.30463804711746 1.8220509224789507
2.9866862978221231 1.5399860922549866 37.299620460592109 1.8220509224789507
2.3874707808907587 3.0177143933784905 190.11598626947176 1.8220509224789507
1.6440068481955832 0.9708519674005851 199.81550013981598 1.8220509224789507
2.3077352788984733 0.95564097674011528 67.626339664897387 1.8220509224789507
1.2521138658900668 2.791501425581 127.10471078439753 1.8220509224789507
1.514187866115881 2.9746047894376755 175.93364108350215 1.8220509224789507
1.0994989279825909 1.3877899135072163 40.212270005358846 1.8220509224789507
1.0818799481414931 1.4147550308619827 88.647789643954638 1.8220509224789507
2.2596646937015112 3.0575696000522328 228.91396011807728 1.8220509224789507
2.6297538672309884 2.8883255635511116 84.93187057383318 1.8220509224789507
1.437852895181611 1.0673346889318136 169.45828842124376 1.8220509224789507
2.9004801563959184 2.612377061319914 149.77544179776504 1.8220509224789507
1.0034314545225325 2.4387659617049202 32.929875312745594 1.8220509224789507
1.6822201357704314 0.9584176166686138 211.45489548755734 1.8220509224789507
0.93290052812075075 2.2167960911609885 35.673399551014541 1.8220509224789507
3.0584723351568073 1.7440442547638479 198.96619613107299 1.8220509224789507
2.5227122355835299 2.9551690699414372 12.061170105655833 1.8220509224789507
2.2234432436365665 3.0658052363700161 145.64557037587963 1.8220509224789507
1.0892365452509942 2.5965788749507084 18.737846534773894 1.8220509224789507
2.9578278030459408 1.4818936063729158 153.08963759733319 1.8220509224789507
1.1486467539313558 2.6780234662236477 20.557987473984326 1.8220509224789507
3.0483069653910473 1.7051697303802165 187.32677495250834 1.8220509224789507
1.1567810696816014 2.6886673374177121 124.10710883388606 1.8220509224789507
0.9330084734884263 1.7822919413256191 145.73064075513315 1.8220509224789507
2.5345785620409824 2.9448903575716479 8.16737840811561 1.8220509224789507
1.2827303359815829 2.8193839106207186 147.18800134959213 1.8220509224789507
0.91500462869552557 2.0868645047464955 58.802524239283912 1.8220509224789507
0.94230233395207641 1.7410448342532945 102.43403597489669 1.8220509224789507
2.7301634115515441 1.192229346510663 108.25892008846733 1.8220509224789507
1.5395926576855263 2.9867907201644197 60.259464864661823 1.8220509224789507
1.6062723084070107 0.98469233392362643 188.17607923778519 1.8220509224789507
2.2985081934594689 3.0472685208468153 217.2745862074562 1.8220509224789507
2.9449504469257626 2.5406570358608764 115.28427035456343 1.8220509224789507
0.91737599536981929 2.1174921001413232 239.70401947149384 1.8220509224789507
0.97962665097925239 2.3652971172909769 26.813541328270162 1.8220509224789507
1.631373691174538 0.97530917935183048 195.93569590367849 1.8220509224789507
1.9354261740537702 3.0868661503198709 43.125458868433498 1.8220509224789507
1.0504002195838815 2.5326089846946385 9.1462919277395258 1.8220509224789507
3.0302380691136159 1.6471734374518512 200.78545055422967 1.8220509224789507
2.5905460670226228 2.914946068685472 159.75869771857651 1.8220509224789507
1.3348929361515056 1.1377338071987504 184.58176780213296 1.8220509224789507
2.8786146079565551 1.3566455195952649 172.24753854307687 1.8220509224789507
3.0425548255837773 1.6854247677691099 212.42484421643712 1.8220509224789507
2.8555234031583385 2.673666844396255 88.526362405615714 1.8220509224789507
3.0713351598595189 1.805899392829021 31.30317217917127 1.8220509224789507
1.2189444710878341 2.7586412887528713 118.36703602145349 1.8220509224789507
2.177629321499893 3.0743897967860674 136.91084491093403 1.8220509224789507
2.7539305316002487 1.2146200383792394 24.376682892608869 1.8220509224789507
2.1606710121846131 3.0770625748823104 227.09470539135293 1.8220509224789507
2.669436550128804 2.8587969338943164 23.469441503294547 1.8220509224789507
1.4684492462603522 1.0501349575842003 63.087302690710203 1.8220509224789507
2.9219623234959737 2.5793791389724294 90.589160871604804 1.8220509224789507
2.863903584768881 2.6627872685449852 92.408446770335672 1.8220509224789507
2.316134930630982 0.95814304396570193 41.499037297394239 1.8220509224789507
1.1855617037752832 1.2773185761294279 37.214654314049994 1.8220509224789507
2.9147482147659023 2.5906742503315616 86.706797878902648 1.8220509224789507
1.1319924284383482 1.3424906399307606 94.349518321455207 1.8220509224789507
1.4038359030788996 1.0887050427958087 157.81877604964768 1.8220509224789507
3.0060384121940835 1.5836304712722402 51.778759154477825 1.8220509224789507
3.0567661611216721 1.7370844097357647 227.94401302527979 1.8220509224789507
2.9131248496740518 1.4066423492727598 158.7887370818072 1.8220509224789507
2.2073322012844603 3.0690617602982266 244.43311573157308 1.8220509224789507
1.6611011584471296 3.0347740416241162 37.130063912771334 1.8220509224789507
1.8725242945735356 0.91850605404006647 236.79417826844224 1.8220509224789507
0.96761125709354534 2.3464834497428537 202.72535091189508 1.8220509224789507
0.92925840943902394 1.8599810243294836 5.4296475444523367 1.8220509224789507
2.8721332059303446 2.6520438129024502 96.290848518549865 1.8220509224789507
3.0258195912960009 1.6345266482009171 196.90564700656864 1.8220509224789507
2.5033090170804613 2.9656863142504566 157.93944451923346 1.8220509224789507
1.4974621381300945 2.9658563067938175 74.738233938333451 1.8220509224789507
2.5151538823768771 2.9594192466419926 154.05959646695351 1.8220509224789507
1.7515996052572724 3.060002108686966 31.38840820976975 1.8220509224789507
2.8559881394737427 1.3268979789271675 22.500517919114259 1.8220509224789507
1.4443686127786499 2.9286471298614014 4.0412614012539336 1.8220509224789507
2.6822713615524307 2.8487145488113459 19.587712983887513 1.8220509224789507
2.5640381836486963 1.0685246909147974 61.63096380137938 1.8220509224789507
0.9634272320352526 2.3337581834694276 206.6051494651756 1.8220509224789507
3.0873556965162905 2.05940223977397 176.01972001140791 1.8220509224789507
1.2525768929697474 2.7917260930112526 103.8901568194691 1.8220509224789507
2.8587846058131419 2.6692543300442093 50.322554864939889 1.8220509224789507
2.9663067390418263 1.4981904553233569 46.038552688984737 1.8220509224789507
1.2845290798515059 1.1795019295053457 34.216515867550811 1.8220509224789507
0.93030705524757806 2.2040454548973329 245.40306500529027 1.8220509224789507
1.0242442739942783 1.5165059515668435 139.73723767252557 1.8220509224789507
2.5983996847829598 2.90934685595027 17.765695769387776 1.8220509224789507
0.93289651502203252 2.2171854506328437 241.52327400249305 1.8220509224789507
3.0366822064215846 2.3334014526383715 147.10231065361694 1.8220509224789507
3.0066399789236442 2.4149024401375208 118.28193474845068 1.8220509224789507
3.0736993135779027 2.0033204984783541 0.9250733363340089 1.8220509224789507
1.3452765617469655 2.8700241011872532 95.320092954106144 1.8220509224789507
2.2204661432552868 3.0664304486602889 240.55332697333279 1.8220509224789507
1.6950563084237924 0.95458729434463052 215.33468976111163 1.8220509224789507
3.0887635743884587 1.9838338874474815 68.912764240117895 1.8220509224789507
3.0746429442335188 1.823895780914599 178.75897720616319 1.8220509224789507
1.9384681907358434 0.91276521845201053 138.28073598046666 1.8220509224789507
1.6004552443990541 3.0130337073950448 181.67037600717839 1.8220509224789507
0.94549392628175433 2.2705936044411619 70.539263038772219 1.8220509224789507
2.0891372178628878 3.0851295670238574 131.30234999590004 1.8220509224789507
3.069924662691907 1.7977236515797728 57.431764626602785 1.8220509224789507
2.5912306855298795 2.9144718696519778 76.194760143368626 1.8220509224789507
2.2286638138030899 3.0645152059510234 111.0863950678588 1.8220509224789507
2.6217220791888884 2.8939541645665869 9.9957793722413157 1.8220509224789507
2.2335680901165924 3.0636377057332043 236.67353874789819 1.8220509224789507
1.799245093165629 0.9296830579242279 246.37301081927626 1.8220509224789507
3.0386060726260098 1.6726236543072464 208.54504772779239 1.8220509224789507
2.3369443382226454 3.0355414691193534 205.6352000370656 1.8220509224789507
3.0289454624594878 2.3562311003835106 55.697607354053162 1.8220509224789507
1.8991717060962934 0.91569850577132605 244.55375857944625 1.8220509224789507
2.6017605504209662 2.9076090330697744 155.8788533407124 1.8220509224789507
0.95539143498169743 2.3066687165735242 53.150302228446435 1.8220509224789507
0.9341577356872719 2.2232906992763581 208.66569229651464 1.8220509224789507
1.3504518508059142 1.1261025506252178 66.084876476503837 1.8220509224789507
1.7035256872558815 0.95244782437148956 124.19201317224565 1.8220509224789507
1.1253590165962661 2.6487466128816006 170.30761130092287 1.8220509224789507
1.8406421022817359 0.92301389449136195 121.19450238289608 1.8220509224789507
0.93698549262870046 2.236385241963271 204.78589496627848 1.8220509224789507
1.0752528540744972 2.5746652064641395 121.1094270635856 1.8220509224789507
1.7598941919586757 0.93781895745426347 234.73364476239885 1.8220509224789507
2.7659171672459344 2.7738822989614569 47.324704422473587 1.8220509224789507
2.8996601441969307 1.3867085742706848 12.909893147112939 1.8220509224789507
1.4710099907186791 1.0485190081494782 10.11720088085292 1.8220509224789507
0.95576026605269071 2.3075451950248311 29.932069291329185 1.8220509224789507
1.043151813639609 2.5192952585168289 13.032573372290074 1.8220509224789507
1.3325711766500232 1.1395302173751016 163.5178750358175 1.8220509224789507
2.7645518831136329 1.2248437909421455 122.73586409161521 1.8220509224789507
0.98596445546213207 2.396988040549207 187.20595308793543 1.8220509224789507
1.0979847391403794 2.6101109799532267 152.96896204156587 1.8220509224789507
1.8858379884107954 0.91701977926174383 240.6739668213998 1.8220509224789507
2.1871178671109659 3.0727840580582111 219.33512349294438 1.8220509224789507
1.7668845935714561 0.93626359987126939 205.75584407340409 1.8220509224789507
2.5112671390236088 2.9614667442567146 58.717824618677241 1.8220509224789507
0.94312154944725801 2.2624600525515639 197.02629533201321 1.8220509224789507
1.0621817294443119 2.5535122994440567 172.3681258804271 1.8220509224789507
1.7144858823058957 3.0507109517494282 71.9955277614431 1.8220509224789507
2.9876606876237854 2.4585739842821894 132.758718843118 1.8220509224789507
3.0621736041693666 1.7610369656322167 40.042612878520686 1.8220509224789507
2.6837034795777548 2.8475971568949294 180.21467703777375 1.8220509224789507
1.4283014538833676 1.0735598648622116 71.825420408849482 1.8220509224789507
3.0630054069177941 2.2362190319549722 130.01727797569913 1.8220509224789507
2.094152469680246 3.0849000788404108 246.49366867014402 1.8220509224789507
1.6697111417759878 3.0375865990585051 63.257354151098298 1.8220509224789507
2.9379280472742124 2.5532492926877701 53.320787556066421 1.8220509224789507
1.7596600535887443 3.0618961062031751 80.73369899363172 1.8220509224789507
1.6566930093993895 0.96655057695048541 203.69530079137689 1.8220509224789507
1.426435691655362 1.0743128608423618 165.5784590645909 1.8220509224789507
2.5235721426405231 1.0455669758898409 70.36890267254978 1.8220509224789507
0.92244833832679607 2.1573580335572888 228.0646527931367 1.8220509224789507
2.4679744378811996 2.9688902257730199 2.3573843539369079 1.8220509224789507
2.7572511876987846 2.7821807874299989 21.407878622314115 1.8220509224789507
2.2739220535482421 3.0539351012040417 119.8234256428683 1.8220509224789507
2.2256220728505838 0.93492181291761511 35.758136287531215 1.8220509224789507
1.5817569761498351 3.0053011613405527 68.997408351614013 1.8220509224789507
3.0765630991081245 1.8360169370890693 226.12475817558573 1.8220509224789507
3.0377186789502915 1.6703551422391243 34.301027052869017 1.8220509224789507
2.936950900455976 1.4451197806127514 116.74057294173372 1.8220509224789507
1.3344387987111173 2.86180751290971 91.437879432662612 1.8220509224789507
0.91419408695876658 1.9169586509593195 180.38681585642553 1.8220509224789507
0.97644783433618887 2.3717759170885238 194.96574476368141 1.8220509224789507
3.0881577227277166 2.0300189625026235 60.174420728766677 1.8220509224789507
1.6582444020199283 0.96609771792996568 132.92941519996816 1.8220509224789507
3.0401399911454003 2.3224573248313147 249.08897846709465 1.8220509224789507
2.1120984102740543 0.91707662565611336 55.058058491669158 1.8220509224789507
2.1329711656672021 0.91927163634066567 30.016621710220647 1.8220509224789507
0.92361573183006662 2.0089513438904341 2.5171839951038635 1.8220509224789507
1.3237436675642478 2.8534036120797914 87.555692474735565 1.8220509224789507
1.4070934271833018 1.0870171485226336 19.708198819893141 1.8220509224789507
3.0846060336283916 1.902509895839434 245.52371086871847 1.8220509224789507
1.7468445801834456 0.94085351438199094 230.85385471114159 1.8220509224789507
2.5101602311366982 2.9617414942256524 15.945950627263187 1.8220509224789507
0.94826543466661217 2.282370552910022 222.12432585910938 1.8220509224789507
2.5068971371446152 1.0361915877681636 180.30074736327231 1.8220509224789507
1.1839751355664756 2.7210893640352349 144.1893616173648 1.8220509224789507
3.034500355087939 1.6598727501644568 204.66525048137203 1.8220509224789507
3.0784990483306167 1.8492727658360177 230.00454736878623 1.8220509224789507
2.8312697592450071 1.2965397529623246 139.8219989069147 1.8220509224789507
1.395417224324861 1.094623681825178 15.823562398318586 1.8220509224789507
0.94163688331105 2.2564112060700134 229.88390731855344 1.8220509224789507
2.8594994760897823 2.6685183390526088 27.10427463732708 1.8220509224789507
1.3917147231751805 2.9032498679573431 178.93111554554787 1.8220509224789507
3.0818808647068776 1.875850966122437 237.76412533820957 1.8220509224789507
1.7967952219111041 3.0698028079044661 40.127309032256562 1.8220509224789507
2.9124617872276755 1.4058509155473171 125.47808133688295 1.8220509224789507
2.134528046942453 0.91942447669811322 53.235548875116137 1.8220509224789507
0.98477766853255133 1.6067495905750455 122.65080017584921 1.8220509224789507
1.4907584254048327 1.0374289904513674 155.9995222642325 1.8220509224789507
3.0030836299789367 1.5760993499533029 151.2705891655354 1.8220509224789507
2.7340718362372574 1.1956340118886954 142.81948715145586 1.8220509224789507
0.93564901691010594 2.2302958802107486 237.64348581789898 1.8220509224789507
0.95553004806480679 2.3081571204854301 214.36474139843779 1.8220509224789507
2.9671839769687729 2.4999264826796015 124.02203174668216 1.8220509224789507
2.9274493218548265 1.4292871647145207 166.54841033919769 1.8220509224789507
2.2527001078508455 3.059254475489686 199.93614655068393 1.8220509224789507
0.92059435937739664 2.1440907356230525 231.94444300228099 1.8220509224789507
2.847075708571662 1.315975378326641 18.614600813347465 1.8220509224789507
0.92664558345716763 2.183818059477149 220.30507129185628 1.8220509224789507
2.8872364213320569 2.6305606961244443 35.84307486085288 1.8220509224789507
0.93149212807949588 2.210164885885038 212.54548690108328 1.8220509224789507
2.0873822998409572 0.91465826913321457 38.755863173142757 1.8220509224789507
2.6514211784219421 2.8726528357041863 169.33762980645389 1.8220509224789507
1.8354746915220002 3.0760718754136462 57.0288122745078 1.8220509224789507
1.1569517108315264 2.6889952261504 100.89267670483036 1.8220509224789507
1.1263925943739697 1.3504277582304933 31.473255685532649 1.8220509224789507
1.0327694821291757 2.5003346177065575 158.90940714882311 1.8220509224789507
0.91932302239689712 2.1327090321227491 67.54143627252563 1.8220509224789507
2.9531198134496073 1.4738843398391346 11.089521243144247 1.8220509224789507
2.2916012168532554 3.0492105611535472 188.29672473726941 1.8220509224789507
0.96850706826907818 1.6513153971343684 108.17378898552545 1.8220509224789507
1.4795367540870048 1.0434522552879342 152.1189192407806 1.8220509224789507
3.0630040353742523 2.2360200469131151 106.80261516209987 1.8220509224789507
3.0785627554659047 2.1314166869259843 3.8670835572245039 1.8220509224789507
2.1831661638504372 3.0733643285230627 102.34868377440955 1.8220509224789507
1.7538189154606547 0.9392114480898357 201.87604635276614 1.8220509224789507
0.95181841877710305 2.2952861908991427 218.24453428360823 1.8220509224789507
2.828014857949519 1.2930675960474982 105.26121691748494 1.8220509224789507
3.0603767035344696 1.7523017958902578 66.169754245460126 1.8220509224789507
1.6641438630285172 0.96411082513173429 144.27603106332765 1.8220509224789507
2.2002989857774695 3.0704012580968918 215.4553316757499 1.8220509224789507
3.0351555046546395 1.6620071048467331 83.646157223652267 1.8220509224789507
1.8895874652275246 3.0833234866854404 34.387124246335588 1.8220509224789507
1.6176826704396383 3.0195365923289419 28.390800683633302 1.8220509224789507
1.0222608918206326 1.5206446125536264 128.39012349500535 1.8220509224789507
3.0671950865928554 1.7832680975708248 210.60558968519979 1.8220509224789507
1.8194835094480268 0.92608538806854401 221.27501900643381 1.8220509224789507
1.772978550771672 0.93494577564387438 238.61343285660888 1.8220509224789507
2.1821973776298424 3.0735504136655223 125.5632998425333 1.8220509224789507
2.9343986982996526 1.4407352711183012 170.42822256765089 1.8220509224789507
2.3968098577683783 0.98610886192361846 73.3671834745968 1.8220509224789507
0.95471388939622415 1.6953313673959549 116.91114954757495 1.8220509224789507
2.3113676849748472 3.0435173032542586 213.39479294554542 1.8220509224789507
1.0024112719704554 1.5635244899386791 113.9132776125424 1.8220509224789507
1.0445347666219593 2.5219670098658895 50.407388481882549 1.8220509224789507
1.0437054364047995 1.4795502443761581 119.6532845354235 1.8220509224789507
1.1096035795028687 2.6262842099963066 7.0751416612884555 1.8220509224789507
2.8706340901623371 1.3458857085503482 168.36768610588945 1.8220509224789507
1.3071425111450807 1.1606058848116447 25.485976168852062 1.8220509224789507
2.4001136911898211 3.0128055141902621 186.23599443874616 1.8220509224789507
1.0674704766417751 1.4381133460945179 96.412439445354266 1.8220509224789507
1.0510421107508812 2.5341256963032315 112.37172816524765 1.8220509224789507
2.1739081832071783 3.0750045588872243 223.21491440811434 1.8220509224789507
2.6621183544889515 2.8645636660433222 165.45779585553544 1.8220509224789507
3.0722035593005579 1.8095840910885901 218.36517566019779 1.8220509224789507
1.1042151107995384 2.6189338140441656 10.967313479290283 1.8220509224789507
0.94332483563588632 1.7367449678718945 136.99597285395424 1.8220509224789507
1.8592300701259123 0.92015605212053764 232.91439000124615 1.8220509224789507
1.082307307579363 2.5803465962228209 97.884039303091299 1.8220509224789507
0.9464305195252809 2.2754409531805972 193.14649031504797 1.8220509224789507
0.91481531866658461 2.0908061059328542 247.46361837272786 1.8220509224789507
1.7338333844713265 0.94404797482917768 226.97406396508853 1.8220509224789507
0.92446577912384686 2.170601466838562 224.1848620008513 1.8220509224789507
1.3926639869870332 1.0961124669993971 153.93892978335532 1.8220509224789507
2.5677260523068703 2.9292788920542403 183.21338772107504 1.8220509224789507
1.8403647200758257 0.92289478203394282 97.980010073359836 1.8220509224789507
1.2477402575746002 1.2131803025051351 23.350192211157378 1.8220509224789507
1.7025492025947848 0.95255640860040103 100.97782882031754 1.8220509224789507
2.9057527970394084 1.3954501954577774 154.90889087533208 1.8220509224789507
2.8856905671719701 1.3669720681170308 111.00075335193276 1.8220509224789507
1.714853010269203 0.94901679200789868 190.23663359487375 1.8220509224789507
0.93467095755727136 2.2248799460280075 85.017140786638834 1.8220509224789507
2.3496566860620192 3.0313182647485259 201.75540089809908 1.8220509224789507
1.7277998329884321 0.94558840078381223 194.11644160637127 1.8220509224789507
3.0644482833073319 1.7701565524890359 206.72579310557421 1.8220509224789507
1.1334062603615278 2.6594577282953065 166.42776181419049 1.8220509224789507
2.272655840159632 3.0542947843224155 225.03416901476487 1.8220509224789507
0.94261437865409547 1.7406385914165874 125.64858054552099 1.8220509224789507
2.2466366366450856 3.0606836761013376 232.79374911968455 1.8220509224789507
2.5792454204521968 2.9221430157088397 163.63854224490478 1.8220509224789507
2.2721150329875783 0.94568149880045382 50.237836111941988 1.8220509224789507
2.314106061973523 3.0426903217668855 139.90833084029259 1.8220509224789507
1.8459566903297233 0.92196956559142418 229.03460003656016 1.8220509224789507
1.7728462335463195 0.94732049835226206 248.627126751285 1.8220509224789507
1.0743310780790853 1.4267524159417651 48.951297732993226 1.8220509224789507
2.6029643048783333 2.9067921953514197 135.14707890884438 1.8220509224789507
0.94342872599058225 2.2614726174486464 44.412034853478644 1.8220509224789507
1.0964830010892062 2.607155850469443 14.852231773869448 1.8220509224789507
1.9822931764017575 3.0885364918163933 51.864036340418579 1.8220509224789507
2.91573358376443 1.4107222518721709 136.82551066947821 1.8220509224789507
1.4150947467420307 1.0814382680095376 161.6986218329053 1.8220509224789507
1.4293863890646055 2.9273497810975648 93.500591658076473 1.8220509224789507
1.1007910101575629 2.6141002683442931 106.63231305338468 1.8220509224789507
1.0887681794672659 2.5962626415456791 149.96856565485723 1.8220509224789507
1.3841354624137541 1.1021547712421338 11.93850919226486 1.8220509224789507
0.93489322614911607 2.2255657727798095 61.801035036143389 1.8220509224789507
2.0430749227073779 3.0880393877352628 99.3513094514758 1.8220509224789507
1.748367148981318 0.94054864364061785 115.45478634390133 1.8220509224789507
3.0485386632060543 1.7073254651750336 74.908430299646284 1.8220509224789507
2.9858873982933254 2.4624844216454349 144.10461256210215 1.8220509224789507
2.7037757183999691 2.8306729131206492 79.192410668386628 1.8220509224789507
3.0871278474941786 1.937097846019217 77.650546948692408 1.8220509224789507
2.4851766162705555 2.9749234214946938 177.47541653840483 1.8220509224789507
2.6974692107876095 2.8362293163409724 29.847112546589074 1.8220509224789507
1.2440276193017397 1.2164451685824602 69.082773019381875 1.8220509224789507
2.8049408216450686 2.7334003872705992 82.190074747394419 1.8220509224789507
2.2396527890942011 3.0622825635472806 203.8159455796108 1.8220509224789507
2.8297205932258631 2.7048798358694803 41.583809534775014 1.8220509224789507
2.107497744451539 3.0836617610345671 242.61386151978223 1.8220509224789507
1.0046116297223158 1.5583348097903107 148.47340948850399 1.8220509224789507
1.3539649860435645 1.1233523994410444 171.27754722221431 1.8220509224789507
0.93997350399219837 2.2494417934457918 200.90609651514512 1.8220509224789507
1.793121825969239 0.93085088776368963 213.51543523387545 1.8220509224789507
1.4177461363041175 2.9199157557304112 89.618257134143391 1.8220509224789507
0.9118684763861431 2.0394180094925503 73.281762420582027 1.8220509224789507
1.0905436320604407 2.5989650358627152 156.84881494704234 1.8220509224789507
2.8896724494565529 1.3720279291788646 145.56115848787744 1.8220509224789507
2.987999033772093 2.4578284270309574 109.54474832158348 1.8220509224789507
0.98557548273850415 2.3948992137725398 47.410046595463882 1.8220509224789507
2.3195358963759531 3.040965049748646 105.34632769647567 1.8220509224789507
1.891459207365374 0.91644762125258517 147.01576689848082 1.8220509224789507
2.7472348536519355 2.7919428090972929 25.289128915727133 1.8220509224789507
1.799415313157037 0.92965794412490066 141.27820741192346 1.8220509224789507
3.0599201207459048 1.7501030830369029 231.82380183172063 1.8220509224789507
2.5880806505619773 1.0835296728702044 87.67731682755425 1.8220509224789507
1.083242235178103 2.5877284351029139 160.72866059787611 1.8220509224789507
3.0620873003630136 2.2404935320549777 141.36327860573374 1.8220509224789507
2.3599918771073014 0.97231973313277642 32.759994427863603 1.8220509224789507
1.4803018171136575 1.0442422071879118 0.95316900174589136 1.8220509224789507
1.6187970489058303 0.97992123538108178 192.05588982165057 1.8220509224789507
0.91111282607422339 1.9931646681774158 64.543558578202806 1.8220509224789507
1.9339859604909435 0.91309714698992117 126.93405675002009 1.8220509224789507
2.576432861555368 1.0761628908374288 91.559554264730309 1.8220509224789507
1.3256657687748188 1.1454985131850783 21.528011287684535 1.8220509224789507
0.92590024384352354 2.1787238847622952 76.279161428212888 1.8220509224789507
3.0165180930877673 1.6094047696298572 189.1460292680481 1.8220509224789507
3.0228468556648025 1.6264253250497926 43.039908447519224 1.8220509224789507
1.7208651664599435 0.94740201407029634 223.09427355395837 1.8220509224789507
2.285603516854346 3.0508612475291734 221.15437803553903 1.8220509224789507
3.0387735427544431 2.3266606024056262 112.54273748017818 1.8220509224789507
3.0615405814427943 1.7570818828805095 202.845996066775 1.8220509224789507
1.9803990433923282 0.91139199828090867 118.1970174970038 1.8220509224789507
0.98109886920391176 2.3843380305050399 191.08593836920045 1.8220509224789507
1.5361470006361717 1.0147538951995738 181.84251625458984 1.8220509224789507
2.929015080350359 2.5678918879704877 94.471194938297117 1.8220509224789507
2.8922489510717462 1.3760816866116254 9.0237369197373027 1.8220509224789507
3.0744646614440612 1.8227868610919353 222.24496664469791 1.8220509224789507
2.2786796440411212 3.0527174592563533 192.17653911059915 1.8220509224789507
2.5875292955439182 1.0888166474332337 2.4305261282373181 1.8220509224789507
1.8327071311294638 0.9239462364546096 225.15480965735969 1.8220509224789507
2.0061763219009059 3.0889578963446915 151.4637180598113 1.8220509224789507
1.3131818886063886 1.16475220920249 175.83315261500934 1.8220509224789507
2.9641332659458017 1.4937221738234179 156.96948350430665 1.8220509224789507
1.097379797293577 2.6092145668055569 141.19345546698707 1.8220509224789507
1.3140528548525676 1.1543059401395244 74.823023662958462 1.8220509224789507
1.7945834023512557 0.93070214877737278 129.93179984507788 1.8220509224789507
1.7407906000221516 0.942319718779288 197.99624590248811 1.8220509224789507
2.262987700606935 0.94357111279523487 76.364351045057788 1.8220509224789507
1.0390002809311882 2.5122011692462056 155.02956152735817 1.8220509224789507
3.0075421923413685 1.5996316204639065 185.25533222246656 1.8220509224789507
1.0219298184389167 1.5213464577113438 105.17612924052173 1.8220509224789507
2.7391552933508745 2.7995676165211805 64.713673784278967 1.8220509224789507
2.7967398456188306 1.2578944312116178 113.99860821490063 1.8220509224789507
3.0699246244123675 1.7981579728592383 80.64884662025861 1.8220509224789507
1.7944180828738148 0.93063959532052998 106.71748115358298 1.8220509224789507
1.1402608718254932 1.3317722987627825 90.467621390425734 1.8220509224789507
0.92898784443579707 2.1970064851815305 216.42527974633833 1.8220509224789507
1.1872581050924094 2.724554382677665 109.6301244643098 1.8220509224789507
2.8862356591462159 1.3673060629451648 134.21442554556506 1.8220509224789507
1.7081669705799261 0.95093066175363283 135.54069685594914 1.8220509224789507
2.5678651924258311 2.9291943642651379 167.51837432215194 1.8220509224789507
1.343217561038319 1.1313752239219346 167.39771347680653 1.8220509224789507
1.2777326892065375 1.185121468808374 60.344314235412412 1.8220509224789507
2.324180200765964 3.0396079640785771 209.51499657928781 1.8220509224789507
1.6153063474362934 0.99396010025273362 3.972810190149346 1.8220509224789507
3.0212460643894472 1.6219355885609934 193.0258419057709 1.8220509224789507
2.7989002848851694 2.7398548023095817 32.845184844195956 1.8220509224789507
3.0697802543940078 1.7964104198876809 214.4853835315713 1.8220509224789507
2.5649410844934195 1.0690574092177005 95.442102990565445 1.8220509224789507
2.9673276396751422 2.4995479743108362 100.80728965987657 1.8220509224789507
3.0238791942534213 2.3706871972963945 103.80502765611743 1.8220509224789507
2.7726071910981176 2.7673076207736447 73.451895147880577 1.8220509224789507
0.96124712773895382 2.3266952552810611 134.607928221576 1.8220509224789507
2.6406245539298121 2.8806088439082806 173.21746736192983 1.8220509224789507
1.2144563797339991 2.7537780987843128 22.377466422154725 1.8220509224789507
2.042960137990411 3.0880615208284876 122.56593256370093 1.8220509224789507
2.1805902079093702 0.92628997902134813 44.496657171609286 1.8220509224789507
1.2176637733451567 1.2430997334443266 51.694136570435603 1.8220509224789507
1.6694312877337696 0.96240554526468181 207.57509851826762 1.8220509224789507
1.0760786940950116 2.5764056262628756 164.60849983416915 1.8220509224789507
3.0833260711478001 1.889169430201024 241.64391393758967 1.8220509224789507
1.2506700368082004 1.2103728529842712 42.955504391895033 1.8220509224789507
2.7302756215443313 1.1925836535349905 131.47348386934266 1.8220509224789507
