3.04463 1.22227 51.8665 0.843433
1.0266 0.970118 205.269 0.843433
3.18451 0.762691 66.2325 0.843433
1.09856 0.834193 146.95 0.843433
1.3878 2.98922 169.651 0.843433
1.42264 3.28032 176.459 0.843433
0.635755 1.37243 161.783 0.843433
1.47994 0.565357 91.002 0.843433
0.903383 3.35462 183.871 0.843433
1.13335 1.08327 9.33808 0.843433
0.504645 0.732247 137.977 0.843433
2.92674 1.03141 70.175 0.843433
1.24379 1.49812 55.1482 0.843433
3.18296 3.19555 8.55442 0.843433
3.40275 0.933159 190.484 0.843433
1.23022 1.22374 174.095 0.843433
0.447282 1.37514 233.848 0.843433
0.432209 3.02352 205.263 0.843433
3.54592 2.54733 247.015 0.843433
3.37071 1.41001 98.0877 0.843433
0.638772 1.50175 175.539 0.843433
1.32154 0.865571 93.8007 0.843433
1.39305 0.6258 32.9841 0.843433
0.890268 3.54228 63.2047 0.843433
2.66961 1.30076 116.506 0.843433
1.30263 1.2961 137.139 0.843433
3.50792 1.32185 164.798 0.843433
3.50578 2.98316 109.031 0.843433
3.0388 1.52858 242.304 0.843433
1.04464 1.41611 216.243 0.843433
1.13999 1.08194 166.614 0.843433
2.74406 3.33587 173.236 0.843433
1.52907 1.53118 18.8669 0.843433
0.850205 1.5723 17.5398 0.843433
2.58742 0.947145 19.9897 0.843433
3.08484 3.25291 142.87 0.843433
3.52147 2.43711 74.0336 0.843433
3.07362 1.34489 110.092 0.843433
1.05051 2.75383 75.8296 0.843433
1.47294 1.09104 178.469 0.843433
0.757303 1.48217 241.27 0.843433
3.20707 1.32783 193.44 0.843433
1.39969 3.00589 206.857 0.843433
0.477283 2.79375 87.139 0.843433
2.45618 1.10503 100.845 0.843433
3.04162 2.57658 138.161 0.843433
2.80503 3.13368 103.295 0.843433
2.53817 1.55849 236.067 0.843433
0.824964 0.904621 84.9248 0.843433
2.66279 0.759653 91.8185 0.843433
1.20942 2.97715 233.798 0.843433
0.45981 2.63162 43.2834 0.843433
3.09154 0.560834 55.5028 0.843433
1.17947 3.29854 174.247 0.843433
3.37498 1.22977 18.5978 0.843433
0.865938 2.49084 120.487 0.843433
3.51722 2.91352 68.9987 0.843433
2.88597 3.53446 201.532 0.843433
3.15515 2.87002 126.795 0.843433
1.18785 0.799818 188.703 0.843433
3.54525 1.51759 234.786 0.843433
1.57431 1.07074 153.354 0.843433
2.80731 3.36384 77.6195 0.843433
2.92068 3.0139 106.8 0.843433
2.79584 1.3426 8.01373 0.843433
1.47896 0.799909 134.31 0.843433
1.49902 1.455 193.46 0.843433
3.30967 2.49887 32.3527 0.843433
0.675835 1.23756 114.126 0.843433
1.46404 2.87623 165.35 0.843433
1.1111 3.11523 29.4969 0.843433
1.31464 3.38009 90.3047 0.843433
1.57563 0.596162 71.5427 0.843433
1.17153 2.56866 20.4818 0.843433
0.88668 1.10375 64.5547 0.843433
2.8041 3.35026 182.801 0.843433
0.672649 0.926564 56.2574 0.843433
0.756481 3.32484 84.2561 0.843433
3.42506 2.77777 192.649 0.843433
2.49696 2.93334 224.265 0.843433
0.550005 3.21422 0.434175 0.843433
2.98925 0.703707 118.512 0.843433
1.32675 2.81618 133.245 0.843433
0.49031 3.27982 49.7125 0.843433
2.76861 3.54473 71.4806 0.843433
0.733866 2.46651 63.4346 0.843433
0.486425 1.08289 212.621 0.843433
1.04339 3.35437 121.765 0.843433
2.73618 1.57519 184.77 0.843433
0.781468 2.42211 231.06 0.843433
3.12684 2.64137 196.403 0.843433
3.51436 2.48978 181.642 0.843433
0.701781 1.31845 109.231 0.843433
3.46289 0.693101 87.0228 0.843433
1.37769 3.12248 146.955 0.843433
3.19918 0.568804 150.977 0.843433
2.97383 2.43208 229.914 0.843433
3.54724 2.8081 31.2016 0.843433
2.93883 1.11437 134.099 0.843433
1.17888 0.729821 87.1892 0.843433
1.02796 3.35727 248.606 0.843433
2.7831 0.626712 231.812 0.843433
3.37408 0.740957 7.08647 0.843433
2.97936 0.753286 185.992 0.843433
1.4695 3.35004 236.373 0.843433
2.87954 0.974997 221.984 0.843433
2.57447 1.05808 123.192 0.843433
2.64094 1.11918 110.889 0.843433
1.57288 3.12254 43.7698 0.843433
2.58984 3.23894 55.7526 0.843433
3.40231 2.56236 89.2828 0.843433
3.33397 2.45933 53.6902 0.843433
1.53248 1.20294 118.74 0.843433
0.960444 2.43889 173.236 0.843433
3.14876 0.632205 163.008 0.843433
2.62968 2.83637 195.207 0.843433
2.66103 2.78125 239.904 0.843433
3.19965 0.448037 218.937 0.843433
1.19205 2.4984 88.6094 0.843433
0.752502 2.52285 142.234 0.843433
2.94218 0.423876 210.967 0.843433
2.89501 1.49557 43.2372 0.843433
3.20039 1.5497 189.815 0.843433
1.0099 0.643615 196.596 0.843433
3.06356 1.17623 74.086 0.843433
0.789033 3.48118 133.146 0.843433
2.62943 3.40956 176.052 0.843433
0.997192 0.620353 46.7928 0.843433
0.790016 0.766547 96.2683 0.843433
3.27304 3.34821 227.385 0.843433
3.06235 3.02348 92.1599 0.843433
1.03976 0.480203 170.675 0.843433
2.99469 1.5659 151.114 0.843433
2.49124 2.75147 36.7447 0.843433
1.03701 0.581369 206.281 0.843433
1.17193 2.43407 38.5538 0.843433
2.89002 0.772409 196.336 0.843433
2.99686 0.933211 15.3386 0.843433
2.76168 3.42601 149.102 0.843433
0.607546 3.40614 21.9228 0.843433
3.42207 2.72431 156.399 0.843433
1.08479 3.30145 24.2082 0.843433
2.52429 1.56665 187.832 0.843433
0.7235 2.72959 128.5 0.843433
0.676866 2.78416 149.469 0.843433
1.00714 3.46287 9.09712 0.843433
2.47865 3.29303 151.538 0.843433
1.03937 3.27744 66.3802 0.843433
1.45248 0.708216 109.822 0.843433
1.40879 1.49857 115.46 0.843433
2.53989 3.34549 67.9477 0.843433
2.5135 0.607705 188.95 0.843433
2.72074 3.57545 213.293 0.843433
2.6223 3.51335 121.677 0.843433
0.444857 0.839757 237.423 0.843433
1.55692 3.28834 30.8357 0.843433
1.11031 3.29404 194.412 0.843433
0.772657 3.50329 50.7432 0.843433
3.42175 3.2062 12.4773 0.843433
2.83255 0.449734 197.838 0.843433
3.16149 2.931 162.198 0.843433
0.77433 2.90765 184.655 0.843433
1.24441 0.748126 173.092 0.843433
2.75878 1.23726 206.784 0.843433
1.32188 3.05358 97.845 0.843433
2.93852 3.4733 34.6493 0.843433
0.991728 2.80685 123.662 0.843433
1.15859 3.27566 141.936 0.843433
2.58081 2.60932 28.2756 0.843433
3.34933 3.17724 225.209 0.843433
2.57246 3.07537 27.4227 0.843433
0.638579 0.768923 71.237 0.843433
1.1093 3.0231 98.6969 0.843433
2.70555 3.53128 101.165 0.843433
2.90894 0.497915 47.5357 0.843433
0.660663 1.57568 42.8593 0.843433
3.05824 1.30644 92.4145 0.843433
3.21302 0.885831 103.705 0.843433
1.32237 1.16275 160.804 0.843433
1.33058 0.619895 58.2607 0.843433
2.48165 1.45523 226.103 0.843433
2.81304 1.00179 161.171 0.843433
0.556433 2.91962 242.909 0.843433
2.65115 3.54218 42.4448 0.843433
1.40853 0.454316 234.929 0.843433
0.44776 2.6139 198.778 0.843433
0.687359 0.701345 7.16044 0.843433
1.06568 2.94822 104.736 0.843433
1.19225 0.77392 194.565 0.843433
3.01033 3.34457 159.127 0.843433
1.0216 2.51617 81.029 0.843433
2.62503 2.73479 156.962 0.843433
0.786307 2.90461 34.7557 0.843433
3.3847 1.26555 27.7016 0.843433
1.02409 3.42838 3.5861 0.843433
3.33525 3.41538 24.6607 0.843433
2.6899 0.469663 68.9736 0.843433
0.952449 1.19038 202.157 0.843433
2.62129 0.826377 175.5 0.843433
1.3825 0.804184 112.225 0.843433
3.15736 1.1655 58.1083 0.843433
2.99314 0.688577 52.7508 0.843433
1.29739 0.58156 37.7862 0.843433
0.777614 1.41522 243.934 0.843433
0.833256 0.667061 143.432 0.843433
2.92648 2.53447 22.4677 0.843433
0.566953 2.93689 239.562 0.843433
2.81735 2.44134 149.924 0.843433
3.35007 2.96413 123.233 0.843433
2.68213 2.91804 1.01191 0.843433
0.696232 0.56977 105.71 0.843433
1.27648 3.1431 238.218 0.843433
1.0177 0.902954 210.11 0.843433
2.6867 2.64891 76.2768 0.843433
2.74365 1.11501 178.275 0.843433
3.03007 0.662735 142.458 0.843433
2.76735 3.16615 181.164 0.843433
0.849496 1.39593 76.4112 0.843433
1.43253 2.95723 136.566 0.843433
3.49014 1.20753 63.6945 0.843433
3.11742 2.58605 83.9818 0.843433
1.07548 2.48181 117.655 0.843433
3.26064 3.38963 13.4375 0.843433
1.21834 2.54408 234.695 0.843433
2.60383 1.07799 246.558 0.843433
3.48076 1.27968 205.15 0.843433
2.86121 3.08224 200.598 0.843433
2.55032 3.08162 62.8524 0.843433
2.69013 0.762461 244.136 0.843433
3.00235 3.39515 158.272 0.843433
0.711228 3.02713 61.4237 0.843433
0.712914 3.33104 204.311 0.843433
0.563861 0.865407 73.6169 0.843433
0.976144 1.01964 127.563 0.843433
1.4586 2.99399 171.157 0.843433
2.77147 0.446167 126.452 0.843433
2.5042 2.57722 199.779 0.843433
0.548812 3.112 125.455 0.843433
1.2745 1.20764 233.786 0.843433
3.35399 1.33938 55.1083 0.843433
1.43178 0.795681 17.3925 0.843433
2.86012 0.886983 12.4933 0.843433
0.87096 1.42475 33.0255 0.843433
0.640823 2.46272 17.4375 0.843433
0.487043 1.42569 165.376 0.843433
3.38035 2.83446 128.011 0.843433
1.3425 1.56324 187.606 0.843433
0.94299 3.43135 156.398 0.843433
3.4438 1.47236 236.958 0.843433
3.20613 2.42329 217.623 0.843433
0.505312 0.76978 200.692 0.843433
2.48945 3.46225 66.7487 0.843433
2.4999 2.85775 194.271 0.843433
0.908827 3.4973 172.657 0.843433
0.670844 3.06113 77.4041 0.843433
3.35714 1.08218 137.207 0.843433
3.34714 1.51256 45.1574 0.843433
2.45604 2.93124 179.724 0.843433
0.889105 1.51629 78.5974 0.843433
1.54504 2.60446 134.139 0.843433
1.48465 3.39568 246.818 0.843433
2.59777 3.55934 69.2279 0.843433
2.87537 0.747394 60.6416 0.843433
1.39464 3.42204 87.4646 0.843433
0.858119 1.31677 199.694 0.843433
1.10154 0.857755 167.699 0.843433
3.1342 1.20104 77.5056 0.843433
2.52 2.61999 225.475 0.843433
2.61799 2.89 2.1027 0.843433
2.45756 3.23019 25.724 0.843433
2.43506 3.13274 123.377 0.843433
1.10054 1.4928 40.5843 0.843433
1.38386 3.40881 74.4262 0.843433
3.4056 3.09807 223.834 0.843433
3.15614 0.958728 37.8556 0.843433
3.1156 1.07341 120.799 0.843433
0.747587 1.35092 100.267 0.843433
0.490589 2.50732 180.291 0.843433
0.828423 2.81122 192.742 0.843433
2.5863 1.33713 67.3901 0.843433
3.39805 0.85627 138.811 0.843433
3.3083 2.71389 249.491 0.843433
3.1129 1.07725 62.1485 0.843433
3.3638 1.32038 32.7151 0.843433
1.40081 2.62879 3.01545 0.843433
0.58601 1.46467 94.731 0.843433
0.97356 2.55575 23.5943 0.843433
2.68104 3.45002 243.783 0.843433
0.538885 1.35575 229.242 0.843433
2.5771 3.27786 20.2188 0.843433
0.937903 1.5564 220.572 0.843433
1.37336 1.49467 180.556 0.843433
1.52707 3.04586 148.332 0.843433
1.57707 0.890782 200.543 0.843433
3.0897 0.531355 227.937 0.843433
3.53848 0.949213 143.505 0.843433
0.616039 1.17839 19.4301 0.843433
1.09027 2.43601 228.859 0.843433
3.18895 3.50647 32.052 0.843433
0.971038 3.2588 178.73 0.843433
3.04507 0.809099 235.264 0.843433
0.716144 3.31688 46.5429 0.843433
2.43706 1.4432 128.716 0.843433
0.481773 1.25006 59.1731 0.843433
0.802799 3.09905 127.019 0.843433
0.825474 1.57183 158.312 0.843433
2.74366 0.943424 152.801 0.843433
2.64405 0.885654 148.325 0.843433
0.697353 0.56665 235.691 0.843433
1.29074 3.47644 209.009 0.843433
1.57617 3.52618 128.698 0.843433
2.72021 0.95225 167.825 0.843433
2.81666 1.31584 197.429 0.843433
0.616702 3.14721 229.432 0.843433
2.97148 1.2677 22.1456 0.843433
0.538245 1.30598 219.542 0.843433
2.87349 2.98632 41.7974 0.843433
0.795273 2.53147 208.452 0.843433
1.48184 0.909216 42.751 0.843433
2.94408 2.73942 170.818 0.843433
1.37208 3.40735 64.4912 0.843433
0.856513 2.47471 109.331 0.843433
2.42811 0.718553 33.2106 0.843433
1.17748 2.92789 161.305 0.843433
0.886097 2.45676 73.626 0.843433
3.31575 0.933206 13.6726 0.843433
2.80028 2.74598 189.208 0.843433
1.12278 0.495066 114.321 0.843433
0.929493 1.08852 155.534 0.843433
0.812897 3.26637 112.899 0.843433
3.01207 1.48636 4.11059 0.843433
0.511977 2.89924 110.777 0.843433
0.595067 1.08995 198.913 0.843433
2.76522 3.04264 216.826 0.843433
3.01301 2.7465 111.922 0.843433
3.13334 1.38717 73.0161 0.843433
1.33505 0.674065 148.971 0.843433
3.26517 1.30396 210.41 0.843433
3.00761 0.811333 90.4006 0.843433
2.9959 2.78945 39.2267 0.843433
0.510756 2.76685 31.422 0.843433
1.45638 1.20276 132.195 0.843433
3.4111 0.936841 206.17 0.843433
0.820471 0.456268 220.188 0.843433
1.42776 0.859941 236.254 0.843433
2.9919 3.30481 129.629 0.843433
3.10248 0.480358 171.631 0.843433
2.68314 0.500687 81.3331 0.843433
1.17599 0.612266 122.602 0.843433
2.98912 3.09124 207.722 0.843433
1.33086 0.979516 119.628 0.843433
1.30354 3.56197 56.5796 0.843433
0.745587 1.26674 123.675 0.843433
1.21366 1.40184 7.59441 0.843433
3.52994 1.43732 170.935 0.843433
1.31152 0.775633 29.817 0.843433
1.33354 2.83121 185.612 0.843433
3.241 0.726258 107.212 0.843433
1.37644 1.30535 117.781 0.843433
3.23817 2.54435 221.792 0.843433
3.16878 3.06588 167.185 0.843433
2.80482 1.11271 215.573 0.843433
1.49762 2.82553 14.9023 0.843433
0.997112 0.984633 141.087 0.843433
1.10841 0.724515 231.143 0.843433
0.914723 1.11051 107.277 0.843433
2.80295 3.43776 189.936 0.843433
1.18516 2.68164 247.472 0.843433
2.56932 1.48772 225.049 0.843433
0.463171 2.63916 221.493 0.843433
1.45725 0.998849 156.937 0.843433
3.49801 2.89732 183.777 0.843433
3.0285 1.44729 108.317 0.843433
2.59474 0.477335 27.7623 0.843433
3.43565 1.30876 109.202 0.843433
3.22397 0.636957 157.169 0.843433
3.02746 2.59554 115.744 0.843433
1.52607 0.855279 189.479 0.843433
1.37304 2.55621 90.8953 0.843433
3.38483 2.88243 198.851 0.843433
0.514999 1.26975 192.848 0.843433
3.46741 0.846131 203.824 0.843433
2.84549 2.58367 168.647 0.843433
2.54877 3.15252 223.183 0.843433
1.41536 1.51206 129.69 0.843433
3.13765 2.66864 233.34 0.843433
3.16285 2.8921 165.03 0.843433
1.01537 1.14941 57.1728 0.843433
2.49721 3.42843 145.32 0.843433
1.01736 1.39667 226.902 0.843433
3.35365 0.579677 248.032 0.843433
0.929154 2.50034 56.3773 0.843433
2.6912 3.18338 141.028 0.843433
1.50358 2.46639 51.7436 0.843433
0.995422 2.56947 19.1994 0.843433
3.39958 2.96321 59.3029 0.843433
2.63865 0.569439 141.258 0.843433
1.25517 0.964153 165.066 0.843433
0.533942 1.26874 104.167 0.843433
1.4646 1.45093 113.804 0.843433
0.981522 3.41475 151.708 0.843433
1.46056 0.934985 16.1005 0.843433
0.554318 3.07664 68.8886 0.843433
0.651592 2.81292 108.388 0.843433
2.42327 0.690643 122.267 0.843433
2.52453 2.68593 80.075 0.843433
3.06112 3.48572 147.425 0.843433
2.76175 3.41692 86.479 0.843433
3.53664 3.1712 85.0798 0.843433
3.50332 3.27211 177.86 0.843433
3.32952 3.26906 33.8035 0.843433
0.839131 1.24545 74.7466 0.843433
2.9626 3.49864 90.0215 0.843433
3.1611 0.82873 200.174 0.843433
1.48062 3.11044 48.3036 0.843433
1.36826 3.07226 239.092 0.843433
0.823389 2.66733 150.489 0.843433
1.04874 1.35803 171.841 0.843433
1.3593 2.55499 198.553 0.843433
1.50526 1.02539 207.928 0.843433
0.840177 1.55686 98.2279 0.843433
0.437689 1.38935 80.2433 0.843433
1.24569 2.64108 160.338 0.843433
3.20807 2.94357 148.287 0.843433
1.11809 3.44315 115.672 0.843433
2.84354 3.4049 54.3393 0.843433
1.43227 3.10418 110.666 0.843433
2.64226 0.583639 149.231 0.843433
2.76252 3.06681 29.8798 0.843433
2.846 1.12051 146.264 0.843433
3.47292 1.05694 230.568 0.843433
2.86263 2.52754 97.4604 0.843433
1.3994 3.40444 162.499 0.843433
3.20979 3.25475 146.143 0.843433
3.21158 3.15578 37.6345 0.843433
1.57814 2.48489 0.432481 0.843433
0.605836 1.42316 191.691 0.843433
1.54897 2.58921 71.5335 0.843433
2.544 0.760212 130.402 0.843433
3.17693 3.46766 98.3766 0.843433
0.685386 0.526333 24.9808 0.843433
0.996354 1.56792 82.3766 0.843433
3.35268 0.752474 188.999 0.843433
3.18495 1.24101 50.8373 0.843433
1.21055 0.970592 222.756 0.843433
3.39668 1.3108 219.512 0.843433
3.30341 2.62602 117.453 0.843433
2.62952 1.06835 198.385 0.843433
3.42088 0.872641 122.419 0.843433
0.714996 3.05569 190.083 0.843433
1.01325 0.734061 184.443 0.843433
1.21688 3.11293 103.517 0.843433
2.8346 1.52588 10.0345 0.843433
2.57427 0.886039 220.613 0.843433
3.54493 2.42784 190.391 0.843433
1.18062 0.822544 2.87815 0.843433
2.862 1.45131 222.802 0.843433
0.428329 2.60607 154.416 0.843433
1.24093 2.45439 175.981 0.843433
1.47387 0.873485 159.042 0.843433
0.915806 1.12975 144.224 0.843433
1.11484 0.569908 81.7106 0.843433
0.769944 1.06614 135.448 0.843433
1.15159 3.20617 196.279 0.843433
3.30609 0.904459 84.1178 0.843433
1.55595 2.66505 157.699 0.843433
3.4119 2.74219 187.629 0.843433
3.05826 1.55792 112.688 0.843433
3.50008 2.96972 70.9207 0.843433
2.98516 0.740517 119.568 0.843433
3.37187 2.52416 87.1336 0.843433
3.13126 0.541778 113.504 0.843433
2.62383 0.772599 98.7432 0.843433
1.25458 1.50542 211.456 0.843433
0.499292 0.914611 115.706 0.843433
2.53327 1.46351 139.901 0.843433
1.15578 0.556032 140.321 0.843433
3.54422 3.19634 169.163 0.843433
0.664111 1.09774 169.712 0.843433
1.17024 1.15409 66.1689 0.843433
2.78192 2.97011 205.123 0.843433
1.57334 0.469899 5.47991 0.843433
3.36892 1.07049 192.459 0.843433
2.49932 3.55953 38.441 0.843433
2.49547 0.834937 208.218 0.843433
3.53251 1.25741 106.602 0.843433
1.17194 3.48467 109.831 0.843433
2.99497 3.50151 110.614 0.843433
1.09275 2.63963 80.1869 0.843433
0.699426 0.599043 138.991 0.843433
3.24127 0.721269 173.214 0.843433
1.11512 1.11721 26.4057 0.843433
0.866835 3.56337 126.157 0.843433
1.34918 0.814215 51.6187 0.843433
0.993566 2.70439 57.5532 0.843433
1.45133 1.50252 204.289 0.843433
0.508068 2.73194 167.634 0.843433
3.1304 2.57358 238.009 0.843433
0.710343 2.44875 50.2004 0.843433
1.4269 0.436681 137.407 0.843433
